test_precision_macro
0.736996433471
0.704337250826
0.714137971378
0.676708227056
0.686602870813
0.696418194305
0.685409521702
0.673843700159
0.677678771378
0.66447098448
###############################
test_recall_macro
0.735598227474
0.701624815362
0.712278106509
0.670857988166
0.673076923077
0.687130177515
0.676035502959
0.66124260355
0.664940828402
0.66050295858
###############################
test_f1_macro
0.735207679181
0.700631337455
0.711652005143
0.668111045221
0.667043314501
0.683387265092
0.671888297872
0.654990583804
0.658826065667
0.658442857229
###############################
test_accuracy
0.735598227474
0.701624815362
0.712278106509
0.670857988166
0.673076923077
0.687130177515
0.676035502959
0.66124260355
0.664940828402
0.66050295858
###############################
$$$$$$$$$$$$$$$$$$$$$$$$$$$$$$$$$$$$$$$$$$$$$$$$$$$$$$$$$$$
test_precision_macro
0.762378324729
0.727419912638
0.732176185144
0.710335497835
0.700956937799
0.703006697729
0.703268603957
0.690104368903
0.695246546264
0.681004068114
###############################
test_recall_macro
0.76070901034
0.725258493353
0.730029585799
0.704142011834
0.686390532544
0.695266272189
0.693786982249
0.676775147929
0.684171597633
0.676035502959
###############################
test_f1_macro
0.760327797203
0.724604146619
0.729404133074
0.701947920249
0.680602636535
0.692333524811
0.690173963294
0.671008311881
0.67962849816
0.67379693284
###############################
test_accuracy
0.76070901034
0.725258493353
0.730029585799
0.704142011834
0.686390532544
0.695266272189
0.693786982249
0.676775147929
0.684171597633
0.676035502959
###############################
$$$$$$$$$$$$$$$$$$$$$$$$$$$$$$$$$$$$$$$$$$$$$$$$$$$$$$$$$$$
