est_precision_macro
0.661238067119
0.650585418027
0.661318181818
0.606002514586
0.62881097561
0.613072166851
0.644056562086
0.629464950096
0.615388655462
0.611504814036
###############################
test_recall_macro
0.589364844904
0.604135893648
0.62426035503
0.582100591716
0.602071005917
0.585798816568
0.620562130178
0.616124260355
0.596153846154
0.579881656805
###############################
test_f1_macro
0.537864668891
0.571058075345
0.601366975289
0.557135842093
0.58028897198
0.55921941223
0.60443373494
0.605973669359
0.578592110191
0.547821826952
###############################
test_accuracy
0.589364844904
0.604135893648
0.62426035503
0.582100591716
0.602071005917
0.585798816568
0.620562130178
0.616124260355
0.596153846154
0.579881656805
###############################
$$$$$$$$$$$$$$$$$$$$$$$$$$$$$$$$$$$$$$$$$$$$$$$$$$$$$$$$$$$
test_precision_macro
0.701118863608
0.673684404286
0.682893607493
0.663798167293
0.636075014014
0.663949356062
0.655852710625
0.650029243431
0.651673999423
0.652198929304
###############################
test_recall_macro
0.692762186115
0.664697193501
0.671597633136
0.646449704142
0.616863905325
0.644970414201
0.639792899408
0.62573964497
0.632396449704
0.639792899408
###############################
test_f1_macro
0.689537180753
0.660302829355
0.666447368421
0.636833634541
0.602846338979
0.634389556305
0.630268163734
0.609952563401
0.620332654734
0.632299912602
###############################
test_accuracy
0.692762186115
0.664697193501
0.671597633136
0.646449704142
0.616863905325
0.644970414201
0.639792899408
0.62573964497
0.632396449704
0.639792899408
###############################
$$$$$$$$$$$$$$$$$$$$$$$$$$$$$$$$$$$$$$$$$$$$$$$$$$$$$$$$$$$
test_precision_macro
0.782380576045
0.766032226906
0.757560674801
0.736375782844
0.72190671724
0.732806025089
0.73089311727
0.72004401247
0.7190809797
0.712011210463
###############################
test_recall_macro
0.780649926145
0.764401772526
0.755917159763
0.73150887574
0.709319526627
0.725591715976
0.723372781065
0.710059171598
0.708579881657
0.708579881657
###############################
test_f1_macro
0.78031332303
0.764040235847
0.755527159631
0.730119686884
0.70513817278
0.723449242809
0.721101808033
0.70673230159
0.705045404208
0.707395957612
###############################
test_accuracy
0.780649926145
0.764401772526
0.755917159763
0.73150887574
0.709319526627
0.725591715976
0.723372781065
0.710059171598
0.708579881657
0.708579881657
###############################
$$$$$$$$$$$$$$$$$$$$$$$$$$$$$$$$$$$$$$$$$$$$$$$$$$$$$$$$$$$
